0000000000000
0000000000111
0000001000110
0000000101000
0000000001011
0000000000000
0000000000000
0000000000000
0000000000000
0000000001010
0000000000000
0000000000000
0000000000000
0000000000000
0000000000000
0000000000000
0000000000000
0000000000000
0000000000000
0000000000000
0000000000000
0001011100011
0000100010100
0000000000000
0000000000000
0000000000000
0001000010101
0010010110010
0000000000000
0000000000000
0000000000000
0000011000011
0000000000000
0000000000000
0000000000000
0000000000000
0000000000000
0000000000000
0000000000000
0000000000000
0000000000000
0000000000000
0000000000000
0000000010001
0000000000100
0000000000000
0000000000000
0000000000000
0000000000000
0000000000000
0000000000000
0000000000000
0000000000000
0000000000000
0000000000000
0000000000000
0000000000000
0000000000000
0000000000000
0000010001100
0000000000010
0000000000000
0000000000000
0000000000000
0000000000000
0000000000000
0000000101100
0000000101001
0000000100000
0000000001000
0000000000000
0000000010110
0000000000000
0000000000000
0000000000000
0000000000000
0000000000000
0000000000000
0000000000000
0000000100100
0000000101011
0000000000000
0000000000000
0000000000000
0010010011101
0001101001100
0000100001001
0000101000011
0000000000000
0000111011100
0000101111010
0001000100110
0000111010110
0000000000000
0000000000000
0010010111110
0000011100111
0000000000000
0000000000000
0000000000000
0000010001000
0000000000000
0000000000000
0000000000000
0000000000000
0000000000000
0000000000000
0000000000000
0000000000010
0000000000101
0000000000000
0000000000000
0000000000000
0000000000000
0000000000000
0000000001001
0000000000000
0000000000000
0000000000000
0000000000000
0000000000000
0000000000000
0000000000000
0000000000000
0000000000000
0000000111001
0000000111010
0000000000000
0000000000000
0000000000000
0000000000000
0000001001011
0000000010010
0000000000000
0000000000000
0000000000000
0000000000000
0000000000000
0000000000000
0000000000000
0000000000000
0000000000000
0000000000000
0000000000000
0000110000111
0010110011111
0011011011100
0000000011011
0000000000000
0000010110011
0001100011100
0000110101000
0000001010001
0000000000000
0000100010001
0000101011100
0001010010110
0000010011111
0000000000000
0001010100001
0010010100111
0000000000000
0000000000000
0000000000000
0000110001001
0000000000000
0000000000000
0000000000000
0000000000000
0000000000000
0000001101101
0000000101101
0000000000000
0000000000000
0000000000000
0000000000000
0000000000000
0000000000000
0000000000000
0000000010111
0000000001101
0000000000000
0000000000000
0000000000000
0000000000000
0000000000000
0000000000000
0000000000000
0000000000000
0000000000110
0000000100101
0000000000000
0000000000000
0000000000000
0000000000000
0000000000000
0000000101001
0000000001001
0000000000000
0000000000000
0000000000000
0000000000000
0000100001011
0000000000000
0000000000000
0000000000000
0000000000000
0000000000000
0000000000000
0010000000000
0001011001111
0000011101110
0000000111101
0000000000000
0000000000010
0000000000000
0000001101001
0000000000000
0000001010111
0000001011000
0000000111100
0000011100010
0000010000101
0000001111000
0001010110011
0001001100101
0000000000000
0000000000000
0001001000111
0000000000000
0000000000000
0000000000000
0000000000000
0000000000000
0000000000000
0000000000000
0000000001110
0000000011111
0000000011001
0000000010010
0000000000000
0000000000000
0000000000000
0000000000000
0000001011100
0000000101100
0000000000000
0000000000011
0000000000000
0000000000000
0000000000000
0000000000000
0000000000000
0000000000000
0000000000000
0000000000000
0000000000000
0000000000011
0000000000000
0000000000000
0000000000100
0000000011110
0000000000000
0000000000000
0000000000000
0000000000000
0000000000000
0100001101111
0000111111110
0010100011000
0001001110101
0000000000000
0000010010111
0000000000010
0000001011110
0000000000000
0000011111001
0000000000000
0000010001100
0000000111010
0000000000000
0000001000111
0000000001100
0000000111001
0000001100100
0000000000000
0000011000010
0000000010111
0000011001011
0000110010011
0000100101010
0000000000000
0001010111111
0000011011110
0000000000000
0000000000000
0000000000000
0000000000000
0000000000000
0000000000000
0000000011111
0000000000000
0000000000000
0000000011001
0000000100010
0000000000000
0000000000000
0000000000000
0000000000000
0000000101101
0000000000000
0000000000000
0000000000000
0000000000000
0000000000000
0000000000000
0000000000000
0000000000000
0000000000000
0000001000111
0000000010101
0000000000000
0000000001001
0000001001011
0000000000000
0000000000000
0000000000000
0000000000000
0000000000000
0000000000000
0000000000000
0000000000000
0000000000000
0001101000001
0001100011111
0000101111010
0000100101111
0000010010110
0000010000001
0000000000000
0000000000000
0000000000000
0000000000010
0000000001111
0000000000000
0000000000000
0000000010011
0000000100101
0000000000001
0000000000000
0000000000000
0000000000000
0000001011011
0000001010111
0000011101000
0001000110110
0001001001101
0000000000000
0000000000000
0000000000000
0000000000000
0000000000000
0000000000000
0000000000000
0000000000000
0000000000000
0000000000000
0000000000000
0000000000000
0000000000000
0000000000000
0000000000000
0000000000000
0000000000000
0000000000000
0000000000000
0000000000000
0000000000000
0000000000000
0000000001101
0000000000110
0000000101101
0000000000100
0000000000000
0000010100000
0000000000011
0000000000000
0000000000000
0000000000000
0000000000000
0000000000000
0000000000000
0000000000000
0000000000000
0000000000000
0000000000000
0000000000000
0000010011010
0000111100001
0000000000000
0000000000000
0000000000000
0000000000011
0000000000010
0000000000000
0000000000000
0000000000000
0000000000000
0000000000000
0000000000110
0000000001011
0000000000111
0000000000100
0000000000000
0000000000000
0000000000000
0000000000000
0000001000100
0000000000000
0000010010011
0000100110100
0000110100000
0000000000000
0000000000000
0000000000000
0000000000000
0000000000000
0000000000000
0000000000000
0000000000000
0000000000000
0000000000000
0000000000000
0000000000000
0000000000000
0000000000000
0000000000000
0000001001001
0000010011110
0000001011010
0000000000000
0000000000000
0000000100110
0000000100010
0000000101111
0000000010010
0000000011110
0000000011010
0000000000000
0000000000000
0000000000000
0000000000000
0000000000000
0000000000000
0000000000000
0000000000000
0000000000000
0000000000000
0001100101100
0011011000000
0000100011000
0000000000000
0000000111111
0000000000000
0000000000000
0000000001100
0000000000011
0000000000011
0000000000000
0000000000000
0000000000000
0000000000000
0000000000000
0000000001111
0000000011000
0000000010000
0000000000000
0000000000000
0000000000000
0000000000000
0000000000000
0000000000000
0000000000000
0000001000000
0000001010010
0000011111011
0001001001111
0001010100011
0000000000000
0000000000000
0000000000000
0000000000000
0000000000000
0000000000000
0000000000000
0000000000000
0000000000000
0000000000000
0000000000000
0000000000000
0011101101000
0011101010111
0000010101110
0000000000000
0001001100001
0000000000000
0000000000000
0000000000000
0000001010010
0000000000010
0000000000000
0000000010010
0000000000000
0000000000000
0000000000000
0000000000000
0000000000000
0000000000000
0000000110111
0000000000000
0000000000000
0100001100010
0010001101011
0000010100001
0000011100101
0000001001011
0000001001001
0000000001000
0000000001001
0000000000000
0000000000000
0000000000101
0000000000100
0000000000000
0000000000000
0000000000000
0000000000000
0000000001111
0000000000100
0000000011110
0000000001100
0000000000000
0000000000000
0000000000000
0000000000000
0000000000000
0000000000000
0000000000000
0000001001001
0000000111111
0000011101010
0000101110100
0000101101101
0000000000000
0000000000000
0000000000000
0000000000000
0000000000000
0000000000000
0000000000000
0000000000000
0000000000000
0000000000000
0011101010001
0011110110101
0000000000000
0000000000000
0000000000000
0000000000000
0000000000000
0000000000000
0000000000000
0000000000000
0000001011111
0000000100011
0000000000000
0000000000000
0000000000000
0000000000000
0000000000000
0000000000000
0000000000000
0001001111100
0010110100001
0001111110100
0000111101101
0000000000000
0000000000000
0000110000010
0000000000000
0000000000000
0000000000000
0000000000000
0000000000000
0000000000010
0000000000000
0000000000000
0000000000000
0000000000000
0000000000000
0000000000000
0000000000000
0000000000000
0000000011100
0000000010101
0000000000000
0000000000000
0000000000000
0000000000000
0000000000100
0000000000000
0000000000000
0000000000000
0000000000000
0000010010000
0000000111100
0000011010110
0001000011011
0000000000000
0000000000000
0000000000000
0000000000000
0000000000000
0000000000000
0000000000000
0000000000000
0000000101011
0011010101001
0000011011110
0000000000000
0000000000000
0000000000000
0000000000000
0000000000000
0000000000000
0000000000000
0000000000000
0000000000000
0000000011011
0000000000000
0000000000000
0000000100000
0000000000000
0000000000000
0000000000000
0000000000000
0000000000000
0000000000000
0000000000000
0000000000000
0011000101000
0000010111111
0000000000000
0000000000011
0000000000000
0000000000000
0000000000000
0000000000000
0000000000100
0000000001010
0000000000011
0000000000100
0000000000000
0000000000000
0000000000000
0000000000000
0000000000000
0000000000000
0000000000011
0000000000000
0000000000000
0000000000000
0000000000000
0000000000000
0000000000000
0000000000000
0000000000011
0000000000000
0000000000000
0000000111111
0000011110001
0000110111000
0000000000001
0000000000000
0000000000000
0000000000000
0000000000000
0000000000000
0000000000000
0000000000000
0000001000110
0010111101001
0000000000000
0000000000000
0000000000000
0000000000000
0000000000000
0000000000000
0000000000000
0000000000000
0000000001010
0000000000000
0000000000000
0000000000000
0000001010000
0000000000110
0000000000000
0000000000000
0000000000000
0000000000000
0000000000000
0000000000000
0010011000110
0001011100000
0000001001101
0000000000000
0000000000000
0000000000000
0000000000000
0000000000110
0000000000000
0000000001000
0000000000000
0000000000000
0000000011000
0000000010100
0000000000000
0000000000000
0000000000000
0000000000000
0000000000000
0000000001100
0000000000000
0000000000000
0000000000000
0000000000000
0000000000000
0000000000000
0000000000000
0000000000000
0000000001110
0000000011101
0000000001011
0000000000000
0000001100000
0000011010101
0000110010100
0000000000000
0000000000000
0000000000000
0000000000000
0000000000000
0000000000000
0000000000000
0000000000000
0011010111111
0000000000000
0000000000000
0000000000000
0000000000000
0000000000000
0000000000000
0000000000000
0000000000000
0000000000000
0000000000000
0000000000000
0000000000000
0000011101011
0000000001000
0000000000000
0000000000000
0001111100101
0000000110101
0000000000000
0010111001101
0010111011010
0000000000000
0000000000000
0000000111010
0000000000000
0000000000010
0000000000100
0000000010001
0000000001011
0000000000000
0000000000000
0000000001110
0000000011110
0000000000001
0000000000000
0000000000000
0000000000000
0000000000000
0000000000000
0000000000000
0000000000000
0000000000000
0000000000000
0000000000000
0000000000000
0000000000000
0000000000000
0000000000000
0000000001011
0000000011100
0000000000000
0000000000000
0000000011101
0001000100110
0000111110000
0000000000000
0000000000000
0000000000000
0000000000000
0000000000000
0000000000000
0000000000000
0000000000000
0011100100011
0010000111011
0000000000000
0000000000000
0000000000000
0000000000000
0000000000000
0000000000000
0000000000000
0000000000000
0000000000000
0000000000000
0000000000000
0000000000000
0000000000000
0000000110111
0011111110101
0011100010111
0010111000010
0001010100100
0000100110110
0000000000000
0000010001001
0000000000000
0000000001010
0000000000000
0000000000000
0000000000011
0000000000000
0000000000000
0000000000000
0000000001110
0000000011011
0000000000100
0000000000110
0000000000000
0000000000000
0000000000000
0000000000000
0000000000000
0000000000000
0000000000000
0000000000000
0000000000000
0000000000000
0000000000000
0000000000000
0000000000000
0000000010110
0000000011001
0000000001110
0000000000000
0000000000000
0000000000000
0000000011100
0000000111100
0000011100101
0001001000100
0000110101001
0000000000000
0000000000000
0000000000000
0000000000000
0000000000000
0000000000000
0011111100001
0001011101110
0000000000000
0000000000000
0000000000000
0000000110111
0000000000000
0000000000000
0000000000000
0000000000000
0000000000000
0000000010111
0000000000000
0000000000000
0000000000000
0000000000000
0011000110010
0001011101101
0000100011000
0000000000000
0000000011101
0000000000000
0000000000000
0000000000100
0000000000010
0000000000000
0000000000000
0000000000000
0000000000000
0000000000100
0000000011100
0000000000000
0000000000000
0000000000000
0000000000000
0000000000000
0000000000000
0000000000000
0000000000000
0000000000001
0000000000000
0000000000000
0000000000000
0000000000000
0000000000000
0000000000000
0000000000000
0000000000000
0000000001100
0000000000101
0000000000000
0000000000000
0000000000000
0000000111110
0000000111010
0000110100010
0000100001011
0001100111100
0001101001000
0000000000000
0000000000000
0000000000000
0000000000000
0000000000000
0000000000000
0000010100100
0011000111111
0001001011101
0000000000000
0000000000000
0000000000000
0000000000000
0000000000000
0000000000000
0000000000000
0000000001110
0000000000000
0000000000000
0000000000000
0000000000000
0000000000000
0000000000000
0001011100111
0000110010011
0001011110110
0000000000000
0000000000000
0000000000000
0000000000000
0000000011000
0000000000000
0000000000000
0000000000111
0000000010010
0000000000001
0000000000000
0000001010000
0000000000000
0000011000011
0000000000000
0000001001001
0000000000000
0000000000000
0000000001010
0000000000000
0000000000000
0000000000000
0000000000000
0000000000000
0000000000000
0000000000000
0000000100000
0000000000000
0000001010010
0000000000000
0000000100100
0000000000000
0000000000000
0000001001101
0000010010111
0000000000000
0000000000000
0000000000000
0000000000000
0000000000000
0000000000000
0000000000000
0000000000000
0000000000000
0000000000000
0000000000000
0000000000000
0000000000000
0000000000000
0000000000000
0000000101111
0000000011010
0000000000000
0000000000000
0000000000000
0000000000000
0000000000000
0000000000000
0000000000000
0000000000000
0000000000000
0000000000000
0010100101110
0000100010110
0000000000000
0000000010010
0000000000000
0000000000000
0000000011100
0000000000000
0000000000000
0000000100000
0000000100011
0000000000000
0000000000000
0000000000000
0000000000000
0000000000000
0000000000000
0000000000000
0000001101010
0000000000010
0000001011000
0000000000000
0000000100101
0000000000000
0000001010001
0000000000100
0000001101100
0000000111010
0000000000000
0000001000110
0000000000000
0000000000000
0000000000000
0000000000000
0000000000000
0000000000000
0000110101010
0000011100010
0000000000000
0000000000000
0000000000000
0000000000000
0000000000000
0000000000000
0000000000000
0000000000000
0000000000000
0000000000000
0000000000000
0000000000000
0000000000000
0000000000000
0000000000000
0000000011000
0000001000110
0000000000000
0000000000000
0000000000000
0000000000000
0000000000000
0000000000000
0000000000000
0000000000000
0000000000000
0001001010110
0000000111110
0000000000000
0000000000000
0000000000000
0000000010101
0000000010010
0000000011010
0000000010100
0000000011011
0000000101010
0000000101110
0000000001001
0000111011101
0000000000000
0000000000000
0000000000000
0000010110111
0000000111001
0000000000000
0000000000000
0000000000000
0000000000000
0000001100010
0000000111101
0000011010000
0000010010100
0000011000010
0000010101000
0000101101111
0000000000000
0000011011111
0000000000000
0000000100010
0000000000000
0000000000000
0000000010001
0000101111100
0000110000110
0000000000000
0000000000000
0000000000000
0000000000000
0000000000000
0000000000000
0000000000000
0000000000000
0000000000000
0000000000000
0000000000000
0000000000000
0000000000000
0000000010110
0000000000000
0000000101101
0000000001010
0000000000000
0000000000000
0000000000000
0000000000000
0000000000000
0000000000000
0001010000111
0011000001110
0000100000001
0000000000000
0000000000000
0000000000110
0000000001011
0000000000001
0000000000001
0000000001001
0000011000000
0000000011011
0000100011110
0000001011010
0000100010100
0000001100010
0000000000000
0001011111011
0010011000010
0000000000000
0000000000000
0000000000000
0000100011110
0000001110000
0000000000000
0000001110000
0000111011000
0000000000000
0000000000000
0000011011101
0000000011100
0000000000000
0010101101011
0010100111101
0000000000000
0000000000000
0000000010001
0000000000000
0000110111111
0000010111100
0000000000000
0000000000000
0000001101001
0000000000000
0000000000000
0000000000000
0000000000000
0000000000000
0000000000000
0000000000000
0000000000000
0000000000000
0000000000000
0000000000000
0000000000000
0000000000000
0000000000000
0000000001010
0000000100100
0000000000000
0000000000000
0000000000000
0000010110110
0011100110111
0000000000000
0001101011111
0010001011000
0000000000000
0000000000000
0000000000000
0000000000100
0000000000000
0000000001001
0000000001010
0000010000000
0000000000000
0000000111010
0000010100010
0000001000110
0000000000000
0000000000000
0001011001001
0001011110010
0001010011000
0000000000000
0000001100111
0000000000000
0000100010000
0000010110111
0001000000110
0000111110011
0000000000000
0000000000000
0001001000110
0000010000000
0000000000000
0010100010011
0000000000000
0010110000011
0000010101111
0000000000000
0000000000000
0000000011010
0000000110101
0000111010011
0000110101101
0000000000000
0000000000000
0000000000000
0000000000000
0000000000000
0000000000000
0000000000000
0000000000000
0000000000000
0000000000100
0000000000000
0000000000000
0000000000000
0000000001001
0000000000000
0000000000000
0000000000000
0000000100101
0000001111101
0000000100001
0000000000000
0000000000000
0000000000000
0010110000100
0001000001000
0000000000000
0000000000011
0000000001011
0000000000000
0000000000000
0000000000000
0000000011111
0001011011010
0000000000000
0000000000000
0000110010100
0010000111111
0000000000000
0000000000000
0010000010001
0010000011100
0000101101111
0000100100111
0010010001100
0010101111101
0000000000000
0000000000000
0000001011001
0000111000101
0000000000000
0000000000000
0010010010101
0000111000100
0000000000000
0000000000000
0000000000000
0000000000000
0011001110110
0000010111111
0000000000000
0000101011101
0000000000000
0000000000000
0001100011100
0000101111010
0000000000000
0000000000000
0000000000000
0000000000000
0000000000000
0000000000000
0000000000000
0000000000000
0000000000000
0000000000000
0000000001101
0000000000000
0000000001011
0000000001001
0000000000000
0000000000000
0000000000000
0000000010111
0000000000000
0000000000000
0000000000000
0010100000001
0010000111001
0000000000000
0000000000000
0000000000000
0000000001011
0000000000011
0000000000000
0000000000010
0000001001011
0000101000100
0000010110011
0000000000000
0000000000000
0001010111011
0001010111110
0000110011001
0000001111001
0000000000000
0001100101000
0010000000001
0000000000000
0010000011111
0000000000000
0000000000000
0000000000000
0001010110110
0010000100011
0000000000000
0001110010011
0001001110011
0001000010010
0000000000000
0000000000000
0000000000000
0011010010011
0000010100110
0000000000000
0000011100001
0000001000100
0000000000000
0000100101111
0000000000001
0000000000000
0000000000000
0000000000000
0000000000000
0000000000000
0000000000000
0000000000000
0000000000000
0000000000000
0000000000000
0000000000000
0000000000000
0000001000100
0000000000100
0000000000000
0000000000000
0000000000000
0000000000000
0000000000000
0000000000000
0000000000000
0011111100110
0001000110101
0000000000000
0000000000110
0000000000000
0000000000000
0000000000000
0000000001000
0000000010011
0000000110101
0000110111011
0000000000000
0000000000000
0000001001111
0000000000000
0011010100010
0000111010000
0000000000000
0010011010101
0010010100110
0000000000000
0000000000000
0000000000000
0001111010101
0010001100010
0000000000000
0000001011101
0000110010110
0000000000000
0000111100000
0011010110010
0000000000000
0000000000000
0000000000000
0000000000000
0001011011101
0000011110100
0000000000000
0000000000000
0000001100111
0001010010110
0000000000000
0000000000000
0000000000000
0000000000000
0000000000000
0000000000001
0000000000000
0000000000000
0000000000000
0000000000000
0000000000000
0000000000000
0000000000000
0000000000000
0000000000000
0000000000000
0000001100001
0000000000000
0000000000000
0000000000000
0000000000000
0000000000000
0100001011011
0001001011110
0000000000000
0000000010101
0000010111100
0000000000110
0000000010011
0000000000000
0000000000000
0000000000110
0000100010011
0000000000000
0000000000000
0010100010101
0000000000000
0000000000000
0001110101001
0000000000000
0001001010111
0000000000000
0000000000000
0000000000000
0000000000000
0001110010010
0010011011000
0001010010110
0000000000000
0000000000000
0000101011100
0001101010101
0001010001100
0001110000011
0000000000000
0000110001010
0000000000000
0000000000000
0000000000000
0000100010110
0000010010000
0000000000000
0000101111110
0001010100010
0000000000000
0000000000000
0000000000000
0000000000000
0000000000000
0000000000000
0000000000000
0000000000000
0000000000000
0000000000000
0000000000000
0000000000000
0000000000000
0000000000101
0000000010110
0000000000000
0000000000000
0000000000000
0000011111000
0000000000000
0000000000000
0010111000011
0001010011101
0000000000000
0000000000000
0011011101111
0000100010110
0000000000000
0000000000000
0000000000000
0000000000000
0000000000000
0000010011001
0000000000000
0000000000000
0000111001011
0011011000111
0001100000011
0000000000000
0000111010011
0000000000000
0001000010100
0010001100011
0000000000000
0000010000111
0010011000011
0000010001111
0001100100000
0000001101001
0000000000000
0000000110101
0001110100011
0000001001101
0001100010000
0001111111111
0000000000000
0000000000000
0000000000000
0000000000000
0000101010001
0000001001000
0000000000000
0000010110001
0000110111111
0000100101110
0000000000000
0000000000000
0000001011011
0000000000000
0000000000000
0000000000000
0000000000000
0000000000000
0000000000000
0000000000100
0000000000000
0000000000000
0000000000000
0000000000000
0000000000000
0000000000000
0000000000000
0000100000101
0000010110100
0000000000000
0000000000000
0000000000000
0000000000000
0000000000000
0001010100100
0000000000000
0000000000000
0000010001111
0000000000000
0000000000001
0000000100111
0000010000011
0000000000000
0000000000000
0010101101001
0011000001001
0000000000000
0000000000000
0000000000000
0010000101000
0010101100001
0000000000000
0001010010111
0001111010101
0000010000111
0000010100001
0000000100101
0000001111100
0000011001110
0000001001110
0000000001111
0000010001100
0001010011100
0001010111100
0000000000000
0000000011110
0000000000000
0000000000000
0000000000000
0000001011101
0000000000000
0000011110100
0001110011010
0000000000000
0000000000000
0000000000000
0000000000000
0000000000000
0000000000000
0000000000000
0000000000000
0000000000000
0000000000000
0000000000000
0000000000000
0000000000000
0000000001101
0000000000000
0000000000000
0000000000000
0000000000000
0000000000000
0000000101110
0000000000000
0000000000000
0000010111101
0000000000000
0000000000000
0000000000000
0010111000011
0000011100010
0000000000000
0000000000000
0000000101001
0000010010011
0000000001110
0000000000000
0010101010111
0010110001111
0000000000000
0000000000000
0000000000000
0001001110000
0010000011101
0001011100101
0000100100101
0000100000111
0000000000000
0000010111011
0000000000000
0000010011111
0000000000000
0000100100110
0000000000001
0000010011100
0000000000000
0000001101010
0001000000101
0001100001011
0000000000000
0000000000000
0011001011000
0000000000000
0000000000000
0000000000000
0001000001101
0001101110111
0000000000000
0000000000000
0000000011001
0000000000000
0000000000000
0000000000000
0000000000000
0000000000000
0000000000000
0000000000000
0000000000000
0000000000000
0000000000110
0000000000000
0000000000000
0000000000000
0000000000000
0000000000000
0000000000110
0000000000000
0000000000000
0000000000000
0000000000000
0000000000000
0000000000000
0000000000000
0010111001100
0000010001100
0000000101110
0000000000000
0000000000000
0000000000000
0000010111000
0000000000000
0010100001010
0010010001100
0000000000000
0000000000000
0001011001110
0000111011111
0000101100110
0000000000110
0000101101011
0000000000000
0000010011110
0000000000000
0000000000000
0000000000000
0000000000011
0000000000000
0000000000000
0000000000000
0000000000000
0000010011101
0000001010001
0001001111001
0000110000111
0001010110101
0001101011101
0001111101001
0000000000000
0000000000000
0001000110001
0000000000000
0000000101110
0000000000000
0000000000000
0000000000000
0000000000000
0000000011011
0000000000000
0000000000000
0000000000000
0000000001001
0000000010000
0000000000000
0000000000000
0000000000000
0000000000000
0000000000000
0000000000000
0000000000000
0000001000101
0000000010011
0000000010010
0000000000000
0000001001000
0000000000000
0000000000000
0000000000000
0010100100000
0000110011010
0001100110101
0000000000000
0000001101001
0000100110001
0000000000000
0000000000000
0000000000000
0001101100100
0010001101101
0000101101001
0000110100111
0000010010010
0000010000010
0000000000000
0000000000000
0000000000000
0000000000000
0000000000000
0000000000000
0000000000000
0000000000000
0000000000000
0000000000000
0000000000000
0000000000000
0000000000000
0000001100011
0000011100000
0001100101010
0001001001110
0000000000000
0001011101010
0001001010111
0000000000000
0000000111111
0001101111011
0000000000000
0000000000000
0000000000000
0000000000000
0000000000000
0000000000000
0000000000000
0000000000000
0000000000000
0000000000000
0000000000000
0000000000000
0000000000100
0000000001000
0000000000000
0000000000000
0000000000000
0000000000000
0000000000000
0000000011100
0000001010000
0000000000000
0000000000000
0000000000000
0000000000000
0000000000000
0010101000101
0000011010111
0000000000111
0001111110000
0000000000000
0000000000000
0001110000101
0000000000000
0000000000000
0000000000000
0010001100101
0001001111011
0000001100011
0000000100000
0000000000000
0000000000000
0000000000000
0000000000000
0000000000000
0000000000001
0000000000111
0000000000000
0000000000000
0000000000000
0000000000000
0000000000000
0000000000000
0000000000000
0000000001010
0001011011001
0000111010100
0000000000000
0000000000000
0001110101101
0001110001100
0000000000000
0000100000101
0001101010011
0000000000000
0000000000000
0000001010111
0000000000000
0000000000000
0000000000000
0000000000000
0000000000000
0000000000000
0000000000000
0000000000000
0000000000000
0000000000000
0000000000000
0000001000000
0000000000000
0000000000000
0000000000000
0000000000000
0000000001001
0000000011011
0000000000000
0000000000100
0000000000000
0000000000000
0000010101000
0100001111011
0000000000000
0000000000000
0010110011001
0001010001010
0000110111001
0010000101001
0000000000000
0000000000000
0001111010000
0001111111010
0000000000000
0000000000000
0000000000000
0000000000000
0000000000000
0000000000000
0000000000000
0000000000000
0000000000100
0000000000000
0000000000000
0000000000000
0000000000001
0000000000000
0000000000000
0000000000000
0000000000101
0000000000000
0000111110010
0000010011011
0000000000000
0000100111001
0001000011101
0000101011101
0000100110111
0000010000001
0001010011111
0000000000000
0000000000000
0000000000000
0000000000000
0000000001001
0000000100110
0000000000000
0000000000000
0000000000000
0000001001101
0000000001001
0000000000000
0000000000000
0000000000000
0000000000000
0000000100100
0000000000000
0000000000000
0000000000000
0000000100111
0000000100100
0000000000000
0000000000000
0000000000000
0000000000000
0001001001001
0010010000001
0000000000000
0000000000000
0010101110000
0000111010010
0000000000000
0000001101110
0010001111111
0000000000000
0001000010011
0001011010101
0000001001011
0000000000101
0000000000000
0000000000000
0000000000000
0000000000000
0000000000000
0000000000000
0000000000000
0000000000000
0000000000011
0000000000000
0000000000000
0000000000000
0000000000000
0000000000000
0000000000000
0000000000000
0000101000010
0000001110011
0000101111110
0000010100110
0000101100001
0001000010101
0000101100110
0000000000000
0001010010111
0000000000000
0000000000000
0000000110101
0000000000000
0000000010010
0000000000000
0000000000000
0000000000000
0000000000000
0000000000000
0000000000000
0000010010000
0000001110111
0000000101000
0000000000000
0000000000000
0000000000000
0000010100000
0000000010010
0000000100001
0000000011010
0000000000000
0000000101011
0000000101101
0000000000000
0000000000000
0000000011001
0000000000000
0000000000000
0011110100110
0001111110100
0000000000000
0000000000000
0011110010001
0000000000000
0000001011000
0001001111111
0000000000000
0000000000000
0000000000000
0000000000000
0000000000001
0000000000000
0000000000000
0000000000000
0000000000000
0000000000000
0000000000000
0000000000101
0000000000000
0000000000000
0000000000000
0000000000000
0000000000000
0000000000011
0000001111001
0000000000000
0000100111101
0000000000000
0000011010011
0000001000000
0001101000110
0001101101011
0000000000000
0000011000110
0000000000000
0000000000000
0000000000000
0000000000000
0000000110011
0000000000110
0000000000000
0000000000000
0000001001010
0000010100100
0000000000000
0000000000000
0000001000100
0000000011111
0000000000000
0000001101101
0000010010000
0000000000000
0000000010001
0000010100110
0000001001101
0000000000000
0000000000000
0000000000000
0000000000000
0000000000000
0000000000000
0000000000000
0011111001010
0001010000110
0000000000000
0000000000000
0000000000000
0000001000100
0000110010101
0000010111010
0000000101010
0000000000000
0000000000000
0000000000000
0000000000000
0000000000000
0000000000000
0000000000000
0000000000000
0000000000000
0000000001101
0000000000000
0000000000000
0000000000000
0000000000000
0000000000000
0000000000000
0000001001110
0000111000000
0000010010110
0000000000000
0000000101011
0001011000101
0000000111011
0001010001001
0001100100010
0000000000000
0000000000000
0000000000000
0000000000000
0000000000000
0000000000000
0000010010100
0000000101111
0000000000000
0000000000000
0000000110011
0000000101111
0000000000010
0000000000000
0000000000000
0000000000000
0000000000000
0000000000000
0000000000000
0000000000000
0000000000000
0000000001100
0000010101001
0000000100000
0000000000011
0000001010100
0000000000000
0000000000000
0000000000000
0000000101010
0011110000001
0000000000000
0000000000000
0001001000000
0000000000000
0000101011000
0000101111000
0000101000000
0000000000000
0000000000000
0000000000000
0000000000000
0000000000000
0000000000000
0000000000000
0000000000000
0000000000101
0000000001101
0000000101001
0000000000000
0000000000000
0000000000000
0000000000000
0000000000000
0000000000000
0000000000000
0000000000000
0000000000000
0000000000000
0000000000000
0001010100011
0001000000101
0000000000000
0000011000001
0000000000000
0000000000000
0000111010111
0000010010100
0000000000000
0000000000000
0000000000000
0000000000000
0000000000000
0000000000000
0000000000000
0000000000000
0000000011101
0000000000000
0000000000000
0000000000000
0000000000000
0000000000000
0000000000000
0000000000000
0000000000000
0000000001010
0000000000000
0000000000000
0000001100000
0000011100000
0000011000001
0000000000000
0000000000000
0000100001100
0000000000000
0000000000000
0000100011000
0000100111111
0000000000000
0010011100101
0000000000000
0000011000001
0001000011010
0000000000000
0000000000000
0000000000000
0000000000011
0000001010000
0000000001110
0000010101000
0000000010100
0000000100011
0000000000000
0000010101100
0000000000101
0000000000000
0000000000000
0000000000000
0000001110010
0000101000010
0000101010111
0000000000000
0001110100101
0000111010111
0000000000000
0000111100010
0010011011110
0001100100101
0001111111110
0010111100011
0100000110101
0000000010001
0000000000000
0000000000000
0000000000000
0000001000110
0000000000000
0000000000011
0000000000000
0000000001010
0000000000000
0000000000000
0000000000000
0000001110010
0000010100000
0000001011010
0000010100000
0000000000000
0000000011101
0000000010101
0000000000000
0000000000000
0000000000000
0000000000000
0000000011011
0000001100010
0000000000000
0000001001000
0000000000000
0000000000000
0000000111101
0000001110101
0000000000000
0000000000000
0001110001010
0000111000001
0000011100010
0000000000000
0000000000000
0000001100110
0000000000000
0000011010010
0000000000000
0000001110110
0000000001110
0000000000000
0000000000000
0000000000000
0000000101010
0000000000000
0000000000000
0000001101110
0000000100010
0000100001101
0000000000000
0000010101111
0000011001000
0000001011011
0010000010011
0010100111111
0000100010111
0000000000000
0000000000000
0000000000000
0000011101101
0001101001111
0000011000001
0000000111101
0001010100000
0001011111010
0000000000000
0000000000000
0000000000000
0000000000000
0000000000000
0000000000000
0000000000000
0000000000010
0000000000011
0000000001110
0000000111000
0000000000000
0000000110000
0000000100011
0000000000000
0000000000000
0000000000000
0000000000000
0000000000000
0000000000000
0000000000000
0000000000000
0000001100101
0000000000000
0000000000000
0000000000000
0000000000000
0000000000000
0000010001100
0001100111010
0000111010000
0000001001001
0000000000000
0000000000000
0000000000000
0000101100000
0000000101010
0000000000000
0000000000000
0000101000000
0000001000110
0000000000000
0000000001001
0000000000000
0000001110010
0000001101101
0001011100110
0000100111101
0000000000000
0000100000000
0001111001100
0001110001111
0010111100011
0000000000000
0000000000000
0000000000000
0000000000000
0000000000000
0000000000000
0000000000000
0001010011001
0010101111000
0001110000000
0000000000000
0000000000000
0000001101010
0000000000000
0000000000000
0000000000000
0000000000000
0000000000000
0000000000000
0000000000000
0000000000000
0000000000000
0000000000000
0000000000000
0000000011001
0000000101001
0000000000110
0000000000111
0000000000000
0000000000000
0000000000000
0000000000000
0000000000000
0000000000000
0000001011100
0000000011110
0000000000000
0000000000000
0000000000000
0000000000000
0011001001011
0001101010111
0000000000000
0000001010001
0001001001101
0000001001101
0000000000000
0000000010101
0000111001101
0000000000000
0000000000000
0000000011011
0000000001010
0000000001001
0000001100111
0000010001101
0001011100000
0000011010101
0000000000000
0000001111011
0000011101010
0001101101000
0010000001111
0000000000000
0000000000000
0000000000000
0000000000000
0000000000000
0000000000000
0000000000000
0001111110000
0010100000110
0001010010000
0000000000000
0000000000000
0011101110001
0001000111110
0000000000000
0000000000000
0000000000000
0000000000000
0000000000000
0000000000000
0000000000000
0000000000000
0000000000000
0000000000000
0000000000000
0000000000000
0000000010100
0000000001100
0000000011110
0000000000000
0000000000000
0000000000000
0000000000000
0000000000000
0000000000000
0000000000000
0000000000000
0000000000000
0000000000000
0000000000000
0000000000000
0000000000000
0001110000011
0001100011110
0000010110011
0000010010001
0000001101011
0000001001011
0000000000000
0000010000011
0000000001011
0000001000000
0000000011010
0000000000100
0000001101011
0000001110000
0001101110001
0001011110011
0000000000000
0000000000000
0001101110001
0000111111000
0001101101100
0010000100111
0000000000000
0000000000000
0000000000000
0000000000000
0000000000000
0000000000000
0000000000000
0010101010111
0001101101100
0000000000000
0000000000000
0000000000000
0000000000000
0011100100000
0000101111110
0000001110100
0010011011001
0000011100101
0000001001000
0000000010110
0000000000000
0000001010010
0000000110011
0000000000000
0000000000000
0000000000000
0000000000000
0000000000000
0000000000101
0000000011110
0000000001011
0000000000100
0000000000111
0000000000000
0000000000000
0000000000000
0000000000000
0000000000000
0000000000000
0000000000000
0000000000000
0000000000000
0000000000000
0001011110111
0001010001111
0000101101011
0000000000010
0000010111001
0000000000000
0000001101001
0000000000000
0000000000000
0000000000000
0000010000110
0000010001001
0001110110011
0001100011100
0000000000000
0000000000000
0010011010100
0001001000110
0000000000000
0001101010111
0010101010010
0000000000000
0000000000000
0000000000000
0000000000000
0000000000000
0000000000000
0010110101010
0000000000000
0000000000000
0000000000000
0000000000000
0000000000000
0000000000000
0001111001110
0011001010110
0010010110100
0000000000000
0000000000000
0000000000000
0000000001101
0001010010011
0001111110100
0001110011000
0000000000000
0000000000000
0000000000000
0000000000000
0000000000000
0000000000000
0000000000000
0000001010011
0000001011000
0000000000000
0000000001001
0000010010111
0000000000000
0000000000000
0000001001101
0000000101010
0000000000000
0000000000000
0000000000000
0000000000000
0000000000000
0001011101110
0001010011111
0000001001111
0000000000000
0000000000000
0000000000000
0000000000000
0000000000000
0000010001001
0000010010100
0001111011111
0001110001010
0000000000000
0000000000000
0000000000000
0001101110011
0001100011111
0000001110101
0000000000000
0010000101111
0011000010000
0000000000000
0000000000000
0000000000000
0100101000111
0010101111101
0001001111011
0000000000000
0000000000000
0000000000000
0000000000000
0000000000000
0000000000000
0000000000000
0001010101000
0001000111000
0000001000100
0000101101010
0000100101001
0000101110001
0000110001010
0000110000100
0000101110010
0000000000000
0000000000000
0000000000000
0000000000000
0000000000000
0000000000000
0000000000000
0000000000000
0000000000000
0000000001010
0000000000000
0000000000000
0000001011010
0000010101101
0000001000101
0000011100110
0000100001101
0000001110010
0000000000000
0000000000000
0000000000000
0001010110010
0001010000111
0000010000111
0000000101010
0000000000000
0000000000000
0000000000000
0000010010100
0000001111000
0010000100000
0001110011000
0000000000000
0000000000000
0000000000000
0000010001000
0001101000001
0000100001111
0000011101000
0000101001101
0010010000100
0010010100101
0000000000000
0000000000000
0100001110010
0000000000000
0001011101011
0000000000000
0000000000000
0000000000000
0000000000000
0000000000000
0000000000000
0000000000000
0000000000000
0001001010110
0000110011011
0000100011010
0000011101001
0000100111010
0000100111011
0000100001001
0000000101000
0000000000000
0000000000000
0000000000000
0000000000000
0000000000000
0000000000000
0000000000000
0000000000000
0000000000000
0000000000000
0000000000000
0000000000000
0000000110010
0000000000000
0000000000000
0000000001011
0000001001110
0000010111111
0000000000000
0000000000000
0000000000000
0000000000000
0000000000000
0001101111100
0001011000001
0000000101100
0000001011000
0000000000000
0000010010101
0000010001110
0010001000000
0001110011100
0000000000000
0000000000000
0000000000000
0000000000000
0001111101111
0001010000100
0000010010111
0000000000000
0000001000010
0001101101100
0000110001011
0000000000000
0010011110101
0101000100111
0000101100110
0000000000000
0000000000000
0000000000000
0000000000000
0000000000000
0000000000000
0000000000000
0000000000000
0010011111111
0001111001011
0000000000000
0000000000000
0000000000000
0000000000000
0000000000000
0000000000000
0000000000000
0000000000000
0000000000000
0000000000000
0000000000000
0000000000000
0000000000000
0000000000000
0000000000000
0000000000000
0000000000000
0000000000000
0000000000000
0000000000000
0000000000000
0000000000000
0000000000000
0000000000000
0000000000000
0000100011011
0000100100000
0000000000000
0000000000000
0000000000000
0000000000000
0001000011110
0000011111111
0000000101100
0000000111000
0000001010011
0001101101100
0001010010000
0000000000000
0000000000000
0000000000000
0000000000000
0000000000000
0001101101010
0001001111101
0000000011010
0000110011101
0000000000000
0000000000000
0000011110111
0010100101111
0010100100011
0000011100101
0000111010000
0000000000000
0000000000000
0000000000000
0000000000000
0000000000000
0000000000000
0000000000000
0000000000000
0010011010001
0000000000000
0000000000000
0000000000000
0000000000000
0000000000000
0000000000000
0000000000000
0000000000000
0000000000000
0000000001000
0000000000000
0000000000000
0000000000000
0000000000000
0000000000000
0000000000000
0000000000000
0000000000000
0000000000000
0000000000000
0000000000000
0000000000000
0000000000000
0000000000000
0000000000000
0000000000000
0000000001001
0000010100111
0000010101010
0000001011000
0000100001110
0000000000000
0000000000000
0000111000100
0001010100011
0000010011010
0001100110000
0001010111010
0000000000000
0000000000000
0000000000000
0000000000000
0000000000000
0001110011011
0001010100100
0000001110111
0000000000000
0000000011011
0000000000000
0000000011110
0001011111110
0010001100111
0000000000000
0000011111001
0000000000000
0000000000000
0000000000000
0000000001101
0000000001110
0000000000000
0000000000000
0000000000000
0010010111100
0000000000000
0000000000000
0000000000000
0000000000000
0000000000000
0000000000000
0000000000000
0000000000000
0000000000000
0000000000000
0000000000000
0000000000000
0000000110000
0000000000000
0000000000000
0000000000000
0000000000000
0000000000000
0000000000000
0000000000000
0000000000000
0000000000000
0000000000000
0000000000000
0000010000000
0000000000000
0000000000000
0000000000000
0000010000101
0000000000000
0000011001000
0000011000000
0000000000000
0000000000000
0001111000111
0000111011011
0001001011100
0000111010011
0000000000000
0000000000000
0011011001100
0001010100101
0000000000000
0000000000000
0001111001101
0001001111100
0000010000011
0000000000000
0000001010001
0000001011001
0000100101100
0001011111100
0010100110000
0000001011000
0000000000000
0000000000000
0000000000000
0000000000000
0000000000000
0000000000000
0000000000000
0000000000000
0000000000000
0001101100111
0000000000000
0000000000000
0000000000000
0000000000000
0000000000100
0000000000000
0000000000000
0000000000000
0000000000000
0000000000000
0000000000000
0000000000000
0000000000000
0000001001000
0000001011000
0000000000000
0000000000000
0000000000000
0000000000000
0000000000000
0000000000000
0000000000000
0000000000000
0000000000000
0000000000000
0000000000000
0000000000000
0000000011011
0000000110110
0000000000000
0000000000000
0000000000001
0000001011010
0000001111011
0000000000000
0000011010100
0000101101011
0000010100111
0000000000000
0000000010010
0001010010111
0001101001000
0001111100111
0000110000011
0000000011100
0000001000100
0000000000000
0000000000000
0000000000000
0000000101000
0000111011001
0010000100011
0000000000000
0000101111111
0000000000000
0000000000000
0000000000000
0000000000000
0000000000000
0000000000000
0000000000000
0000000000000
0000001101011
0000000000000
0000000000000
0000000000000
0000000000000
0000000001001
0000000000011
0000000000000
0000000000010
0000000000000
0000000000000
0000000000000
0000001111110
0000000100000
0000000000000
0000000000000
0000000000000
0000000000000
0000000001011
0000000000000
0000000000000
0000000000000
0000000000000
0000000000000
0000000000000
0000000000000
0000000000000
0000000000000
0000000000000
0000000000000
0000000000000
0000000111011
0000000000000
0000000000000
0000000000000
0000000000000
0000000000000
0000000000000
0000000001001
0000000000000
0000000000000
0000000000000
0000011000000
0010010011111
0000000000000
0000101110010
0000110011000
0000001001110
0000000000110
0000000000000
0000000011110
0000110100000
0001010000010
0000000000000
0000000000000
0000000000000
0000000000000
0000000000000
0000000000000
0000000000000
0000000000000
0000000000111
0000000000000
0000000000000
0000000000000
0000000000000
0000000000000
0000000000000
0000000000000
0000000000010
0000000000000
0000000000001
0000000000000
0000000000000
0000000000000
0000000000000
0000100011001
0000101100110
0000010011111
0000000000000
0000000000000
0000000000000
0000000000000
0000000000110
0000010011100
0000000000000
0000000000000
0000000000000
0000000000000
0000000000000
0000000000000
0000000000000
0000000000000
0000000000000
0000000000000
0000000000000
0000000000000
0000000000000
0000000000000
0000000000000
0000000000000
0000001111001
0000000000000
0000000000000
0000000000000
0000000000000
0000000000000
0000000000000
0001000100011
0001101110110
0000101101011
0000000000000
0000010101001
0000000000000
0000100110110
0000101000110
0001101011011
0000000000000
0000010011000
0000000000000
0000000000000
0000000000000
0000000000010
0000000000000
0000000000000
0000000000000
0000000000000
0000000000000
0000000000000
0000000000000
0000000000000
0000000010101
0000000010000
0000000000000
0000000000000
0000000000000
0000000000000
0000000000000
0000000000010
0000000000000
0000000000000
0000011001000
0000101110110
0000101101100
0000011101100
0000000000000
0000000000000
0000000000000
0000000000000
0000000000000
0000000000000
0000000001001
0000000000010
0000000000000
0000000000000
0000000000000
0000000000000
0000000000000
0000000000000
0000000000000
0000000000000
0000000000000
0000000000000
0000000000000
0000000000000
0000000000000
0000000000000
0000001000011
0000000000000
0000010001100
0000000000000
0000000000000
0010000111010
0001100010010
0000110001010
0000000000000
0000110001011
0000000000000
0000000000000
0000010110000
0010011101110
0011111101110
0000000000000
0000000000000
0000000000000
0000000001010
0000000000000
0000000000000
0000000000110
0000000000000
0000000000000
0000000000000
0000000000000
0000000000000
0000000000000
0000000000000
0000000000000
0000000000000
0000000000000
0000000000000
0000000000000
0000000000001
0000000000010
0000000000000
0000000000000
0000000000000
0000000000000
0000000000000
0000011110001
0000110011010
0000001001101
0000000000000
0000000000000
0000000000000
0000000000000
0000000000000
0000000111101
0000010011101
0000000000000
0000000000000
0000001001001
0000000000000
0000000000000
0000000000000
0000000000000
0000000000000
0000000000000
0000000000000
0000000000000
0000000000000
0000000000000
0000000000000
0000000000000
0000000000000
0001000010010
0000000000000
0000000000000
0000101100110
0000000000000
0000000000000
0010001111110
0000000011101
0000000000000
0000101101011
0001011100011
0011000101101
0000000000000
0000000000000
0000000000000
0000000000001
0000000000000
0000000000000
0000000001100
0000000000000
0000000000000
0000000000000
0000000000000
0000000000000
0000000000000
0000000000011
0000000000000
0000000000000
0000000000000
0000000000000
0000000000011
0000000000111
0000000000000
0000000000000
0000000111000
0000000000000
0000000000000
0000000000000
0000000000000
0000000000000
0000000000000
0000011000101
0000100100100
0000000101101
0000000000000
0000000000000
0000000000000
0000000000000
0000000111101
0000001001000
0000000000100
0000010000101
0000010111010
0000000100110
0000000000000
0000000000000
0000000000000
0000000000000
0000000000000
0000000000000
0000000000000
0000000000000
0000000000000
0000101000100
0000000000000
0000000000000
0000000000000
0001100010111
0000000000000
0000000000000
0010010011110
0000000000000
0000000000000
0001100111011
0100011111110
0000000000000
0000000000000
0000000000000
0000000000000
0000000000000
0000000000101
0000000000010
0000000000000
0000000000000
0000000000000
0000000000000
0000000000100
0000000000000
0000000000000
0000000000101
0000000000110
0000000000000
0000000000000
0000000000000
0000000001010
0000000000000
0000000000000
0000000000000
0000000011000
0000001001010
0000001001010
0000000010110
0000000001010
0000000000000
0000000000000
0000000000000
0000000000000
0000000000000
0000000000000
0000001100001
0000000000000
0000000000000
0000000000000
0000000000000
0000000000000
0000000000000
0000010111101
0000011010010
0000011000110
0000011001101
0000000001111
0000000000000
0000000000000
0000000000000
0000000000000
0000000000000
0000000000111
0000000100100
0000011100011
0000000000000
0000000000000
0001011010011
0000000000000
0000010011111
0010110011100
0000100100110
0000000000000
0000000000000
0101000001011
0000000000000
0000000000000
0000000000000
0000000000000
0000000000101
0000000000110
0000000000000
0000000000000
0000000000000
0000000000000
0000000000000
0000000000000
0000000000011
0000000000000
0000000000000
0000000000000
0000000000000
0000000000101
0000000000000
0000000000000
0000000001111
0000000000000
0000000000000
0000000000000
0000000000000
0000000001011
0000010001010
0000001000111
0000000000000
0000000101011
0000001000100
0000000000000
0000000000000
0000000000000
0000000000000
0000000000000
0000000000000
0000000000000
0000000000000
0000000000000
0000000000000
0000000000000
0000001011100
0000001110010
0000011101100
0000010000000
0000000000000
0000000000000
0000000000000
0000000000000
0000000000000
0000000000000
0001010000110
0000000000000
0000000000000
0000001000110
0001010111000
0000100110111
0000001001110
0010000001010
0000000000000
0000000000000
0010110001101
0010001010011
0000000000000
0000000000000
0000000000000
0000000000000
0000000000110
0000000000000
0000000000000
0000000000000
0000000000000
0000000000000
0000000000011
0000000000000
0000000000000
0000000000000
0000000000000
0000000000000
0000000001001
0000000000000
0000000000000
0000000000000
0000000001001
0000000000000
0000000000000
0000000100000
0000000000000
0000000000000
0000000000000
0000000100001
0000010010101
0000000111100
0000000011001
0000000010011
0000000100001
0000001000000
0000000000000
0000000000000
0000000000000
0000000000000
0000000000000
0000000000000
0000000000000
0000000000000
0000000000000
0000000101110
0000001100110
0000000101110
0000000111011
0000000000000
0000001000000
0000000100000
0000001011011
0001001100000
0001111100010
0000000000000
0000000000000
0000000000000
0000000000000
0010000100000
0001100111110
0001110001110
0000000000000
0000000000000
0100001111000
0000000000000
0000000000000
0000000000000
0000000000000
0000000000000
0000000000000
0000000000000
0000000000000
0000000000000
0000000000000
0000000001101
0000000001000
0000000000000
0000000000000
0000000000000
0000000000111
0000000000000
0000000000101
0000000000001
0000000000000
0000000000000
0000000000000
0000000000000
0000000000000
0000001011110
0000010110111
0000011010101
0000010110111
0000001110101
0000001010010
0000000000000
0000000000000
0000000000101
0000000100100
0000000101010
0000001000101
0000000110010
0000000001010
0000000000000
0000000011110
0000000000000
0000000000000
0000000000000
0000000000000
0000000000000
0000000000000
0000011011010
0000100011001
0000000101111
0000000100011
0000011110001
0001000000010
0000110111010
0000000000000
0000000000000
0000000000000
0000000000000
0000110111101
0010001011100
0000100010001
0000000000000
0000110010110
0001100011111
0011110001000
0000000000000
0000000000000
0000000000000
0000000000000
0000000000000
0000000000000
0000000000000
0000000000000
0000000000000
0000000000001
0000000000000
0000000000000
0000000000000
0000000000000
0000000000000
0000000000000
0000000000000
0000000001010
0000000000000
0000000000000
0000000000011
0000000000000
0000000000000
0000000000000
0000000000000
0000000000000
0000010101101
0000010111110
0000011000111
0000010001110
0000001110010
0000001110011
0000010011100
0000001111000
0000000000000
0000000000000
0000001001001
0000011010011
0000010010001
0000000000000
0000000000000
0000000000000
0000000000000
0000000000000
0000000000000
0000000000000
0000000000000
0000000000000
0000100010110
0001010000001
0001101110101
0000000000000
0000000000000
0000011101101
0000011001111
0000000000000
0000000000000
0010010100010
0001101011101
0001100001011
0001000001000
0000000000000
0100010111000
0000000000000
0000000000000
0000000000000
0000000000000
0000000000000
0000000000000
0000000000000
0000000000000
0000000000000
0000000000100
0000000000000
0000000000000
0000000000000
0000000000000
0000000000000
0000000000000
0000000000000
0000000000000
0000000000000
0000000000110
0000000001111
0000000000000
0000000000000
0000000000000
0000000000000
0000000000000
0000000000000
0000000000000
0000000000000
0000000000000
0000000000000
0000010110101
0000011000101
0000010001100
0000010010001
0000001100111
0000010110001
0000010101000
0000000110101
0000001000001
0000010110001
0000010100111
0000001001111
0000000001100
0000000100001
0000000000000
0000100000000
0000000000000
0000011000100
0000010011000
0000110000100
0000000000000
0000011100010
0000101111111
0000000000000
0000011110110
0000000000000
0000000000000
0010011001011
0010010111111
0001101111111
0000000000000
0000000000000
0100110101110
0000000000000
0000000000000
0000000000000
0000000000000
0000000000000
0000000010000
0000000000101
0000000000101
0000000000000
0000000000000
0000000000000
0000000000000
0000000000000
0000000000000
0000000000000
0000000000110
0000000000001
0000000000000
0000000000000
0000000000000
0000000000000
0000000000000
0000000000000
0000000000000
0000000000000
0000001000001
0000000010110
0000000000000
0000000000000
0000000000000
0000000000000
0000000000000
0000000000000
0000000000000
0000001011110
0000010110111
0000001101101
0000010000110
0000000111010
0000000010111
0000011111011
0000100111001
0000100000011
0000011011110
0000011011101
0000100011010
0000100101100
0000110100000
0001010111001
0000000000000
0000000000000
0000000000000
0011000000111
0000101101101
0000000000000
0000100100011
0000000000000
0001000110110
0010110111011
0001111010011
0001001111100
0000000000000
0100011010011
0000000000000
0000000000000
0000000000000
0000000000000
0000000000000
0000000000000
0000000000000
0000000010010
0000000011000
0000000000000
0000000000000
0000000000000
0000000000000
0000000000000
0000000000000
0000000000000
0000000000000
0000000000000
0000000000111
0000000000000
0000000000000
0000000000000
0000000000000
0000000000000
0000000000000
0000000000000
0000000000011
0000000000000
0000010001101
0000010111000
0000001011011
0000001001010
0000000000000
0000000000000
0000000000000
0000000000000
0000000000000
0000000000000
0000000110011
0000000010011
0000000000000
0000000000000
0000000000110
0000010011111
0000100010000
0000011001100
0000001010110
0001001101011
0000110011101
0000000000000
0001011101111
0000000000000
0000000000000
0000010110001
0000000000000
0000000000000
0000000000000
0010100011001
0000000000000
0010011101001
0010001110111
0000000000000
0010010011001
0101010011011
0000000000000
0000000000000
0000000000000
0000000000000
0000000000000
0000000000000
0000000000000
0000000010001
0000000000000
0000000000000
0000000000000
0000000000000
0000000001011
0000000000000
0000000000000
0000000000000
0000000000000
0000000000000
0000000000000
0000000000000
0000000000000
0000000000000
0000000000000
0000000000000
0000000000000
0000000000000
0000000000000
0000001100010
0000000111010
0000000011010
0000000000000
0000000000000
0000001110011
0000011100100
0000001101010
0000001100010
0000000000000
0000000000000
0000000000000
0000000000000
0000000000000
0000000000000
0000000000000
0000000000000
0000000000000
0000000000000
0000000000000
0000100111110
0010100000110
0000000000000
0000000000000
0000001010111
0001011001110
0000000000000
0000000000000
0100001111100
0000000000000
0000000000000
0000011011111
0000000000000
0001111100010
0000000000000
0010001100101
0000000000000
0000000000000
0000000000000
0000000000000
0000000000001
0000000000000
0000000000000
0000000000000
0000000000000
0000000000000
0000000000000
0000000000000
0000000000000
0000000000000
0000000000000
0000000000010
0000000000000
0000000000000
0000000000000
0000000000000
0000000000000
0000000000000
0000000000000
0000000000000
0000000000000
0000000001000
0000000000000
0000000000000
0000000000000
0000000000000
0000000000000
0000000011011
0000000000000
0000000000000
0000000000010
0000000100100
0000000011110
0000010001110
0000010001110
0000001110101
0000001101000
0000000000000
0000000000000
0000000000000
0000000000000
0000000000000
0000000000000
0000000000000
0000000000000
0000000000000
0000010111100
0000000000000
0000111000111
0000000111000
0000000000000
0000100010000
0100110010100
0000000000000
0000000000000
0100110110000
0000000000000
0000000000000
0100001111101
0100010100101
0000000000000
0000000000000
0000000000000
0000000000000
0000000000000
0000000000000
0000000000000
0000000000000
0000000000000
0000000000000
0000000000000
0000000000000
0000000000000
0000000000000
0000000000000
0000000000000
0000000000000
0000000000000
0000000000000
0000000000000
0000000000000
0000000000000
0000000000000
0000000000000
0000100100111
0000000000000
0000000000000
0000000000000
0000000000000
0000000000000
0000000000000
0000000000011
0000000000000
0000000000000
0000000000000
0000000000000
0000000000000
0000000000000
0000000000000
0000000000000
0000000000000
0000000010100
0000001110010
0000010010010
0000000110010
0000000000000
0000001110111
0000001111001
0000000000000
0001001000101
0000000000000
0000000000000
0000101100010
0000000000000
0000000000000
0101010000101
0011011010010
0000000000000
0000000000000
0000000000000
0100011011111
0000000000000
0000000000000
0100011000101
0000000000000
0000000000000
0000000000000
0000000000000
0000000000000
0000000000000
0000000000000
0000000000000
0000000000000
0000000000000
0000000000000
0000000000000
0000000000000
0000000000000
0000000000000
0000000000000
0000000000000
0000000000000
0000000000000
0000000000000
0000000000000
0000000000000
0000000000000
0000000000000
0000110001100
0000000000000
0000000000000
